IdxCode|Value
1|7173142
2|2256241
3|979141
4|3137418
7|5559094
8|4937212
10|1812377
11|1669860
12|5178793
13|4481111
14|2759833
15|2753266
18|709013
19|281007
20|196261
21|681813
22|649966
23|1396829
25|614508
26|367773
27|5702694
28|57428
29|357647
30|3893779
31|4574317
32|1973821
33|3419723
34|3791648
35|95272
36|916158
37|658321
38|816830
39|1188156
40|1014931
41|1198661
42|838892
43|1371944
44|677558
45|233498
46|545262
47|2282142
48|6723039
49|802065
50|35490
55|1332329
56|607922
57|929641
58|1024856
59|93313
60|85852
61|166331
62|182373
63|163928
64|128404
65|804731
66|1678293
67|137111
