IdxCode|Value
1|7172118
2|2240831
3|968358
4|3096104
7|5598584
8|5100463
10|1579411
11|1574417
12|5348511
13|4262536
14|2641923
15|2381851
18|708879
19|279075
20|194091
21|683405
22|609134
23|1304594
25|589789
26|365011
27|5284061
28|49977
29|307263
30|3773922
31|4432168
32|2028491
33|3278917
34|3533237
35|91549
36|902915
37|656988
38|814808
39|1045978
40|1043973
41|1178567
42|833337
43|1363328
44|666872
45|232370
46|503300
47|2267803
48|6669935
49|742199
50|35330
55|1302421
56|587451
57|919310
58|997985
59|86220
60|75524
61|159790
62|172202
63|158076
64|132951
65|798040
66|1792558
67|130971
