IdxCode|Value
1|7242664
2|2298068
3|997869
4|3188095
7|5599937
8|5043248
10|1884209
11|1715988
12|5262829
13|4699286
14|2762123
15|2891489
18|716149
19|286322
20|200089
21|697119
22|651926
23|1392604
25|633800
26|374052
27|5799434
28|56766
29|361432
30|3993008
31|4565930
32|1930800
33|3549380
34|3904082
35|97594
36|929941
37|657948
38|846260
39|1247807
40|1024157
41|1201773
42|853079
43|1443933
44|677517
45|239779
46|544812
47|2311152
48|7037482
49|815123
50|35962
55|1359317
56|606844
57|946324
58|1038035
59|96796
60|89163
61|171552
62|185040
63|168518
64|129779
65|818715
66|1676765
67|137548
