IdxCode|Value
1|7164530
2|2248982
3|975502
4|3125433
7|5605442
8|4985939
10|1744176
11|1656330
12|5224590
13|4416681
14|2649506
15|2591130
18|708818
19|280362
20|195713
21|669538
22|635980
23|1370640
25|607579
26|366174
27|5755506
28|55808
29|340498
30|3861946
31|4562407
32|1993493
33|3370809
34|3723559
35|93459
36|912827
37|658449
38|813429
39|1129417
40|1023111
41|1204433
42|836484
43|1371006
44|670094
45|238496
46|528507
47|2273601
48|6723300
49|776323
50|35371
55|1327674
56|605515
57|926103
58|1021115
59|90201
60|81737
61|163515
62|180583
63|162316
64|130067
65|801606
66|1696836
67|133489
