IdxCode|Value
1|7215200
2|2281304
3|991511
4|3177640
7|5631174
8|4966624
10|1838913
11|1698862
12|5191263
13|4551924
14|2822257
15|2834544
18|713820
19|284387
20|198922
21|697198
22|653366
23|1416071
25|622978
26|371886
27|5775620
28|57777
29|359886
30|3986375
31|4648465
32|1980146
33|3481093
34|3857021
35|96762
36|928273
37|670512
38|831327
39|1215666
40|1024930
41|1216559
42|847365
43|1411419
44|688013
45|241384
46|547834
47|2299131
48|6917077
49|807194
50|35756
55|1364015
56|615801
57|941546
58|1045506
59|94550
60|88026
61|169598
62|184253
63|166700
64|130535
65|812857
66|1690152
67|137311
