IdxCode|Value
1|7315824
2|2313434
3|1004480
4|3207210
7|5607110
8|5104749
10|1878172
11|1709140
12|5335128
13|4742683
14|2748680
15|2859310
18|724369
19|288629
20|201689
21|718793
22|660962
23|1396278
25|642855
26|376478
27|6038381
28|57205
29|359356
30|3983445
31|4578981
32|1962291
33|3571527
34|3868569
35|97662
36|935526
37|665933
38|853309
39|1233919
40|1031233
41|1205338
42|860488
43|1435388
44|675995
45|245312
46|549423
47|2330034
48|7037129
49|815891
50|36195
55|1355593
56|608655
57|952278
58|1037157
59|95983
60|88153
61|171727
62|185781
63|169236
64|129619
65|825695
66|1686150
67|139167
